========================================================================================================================================================================================================================================================================================
			angry male		calm male		disgust male		fearful male		happy male		neutral male		sad male		surprised male	OVERALL
	C 	PRE	REC	F1 	PRE	REC	F1 	PRE	REC	F1 	PRE	REC	F1 	PRE	REC	F1 	PRE	REC	F1 	PRE	REC	F1 	PRE	REC	F1 	ACC	F1
	0.001 	55.7	58.2	56.9 	36.4	68.5	47.5 	43.4	44.0	43.7 	42.2	17.2	24.4 	51.3	31.3	38.9 	12.5	0.0	0.0 	22.0	40.2	28.4 	44.1	31.4	36.7 	38.8	34.6
	0.010 	70.2	68.7	69.4 	50.9	73.7	60.2 	47.7	51.7	49.6 	48.6	42.8	45.5 	42.0	39.6	40.8 	23.7	7.4	11.3 	32.4	36.7	34.4 	49.4	43.3	46.1 	48.0	44.7
	0.500 	59.6	67.5	63.3 	55.8	68.8	61.6 	54.1	55.1	54.6 	47.4	47.4	47.4 	47.2	43.5	45.3 	29.9	32.2	31.0 	42.6	34.8	38.3 	49.3	41.4	45.0 	49.9	48.3 	 best F1 	 best Acc
	1.000 	57.1	64.3	60.5 	53.8	67.3	59.8 	52.5	54.7	53.6 	47.6	47.8	47.7 	43.7	40.7	42.2 	31.6	29.6	30.5 	41.8	35.2	38.2 	49.4	41.2	44.9 	48.8	47.2
	5.000 	55.4	67.1	60.7 	52.4	65.6	58.3 	50.4	54.6	52.4 	47.3	44.1	45.7 	42.1	39.5	40.8 	29.5	31.0	30.2 	40.2	32.8	36.1 	51.0	37.9	43.5 	47.6	46.0
	10.000 	53.4	66.8	59.3 	52.6	66.1	58.6 	51.8	53.8	52.8 	43.6	41.5	42.5 	39.1	39.2	39.1 	30.7	30.4	30.6 	43.0	32.4	37.0 	48.9	36.7	41.9 	46.9	45.2
Confusion Matrix:
	ang 	cal 	dis 	fea 	hap 	neu 	sad 	sur
ang 	9.0 	0.1 	1.5 	0.9 	0.6 	0.0 	0.4 	0.9
cal 	0.0 	9.2 	0.4 	0.4 	0.4 	1.4 	1.2 	0.3
dis 	1.6 	0.5 	7.3 	1.1 	0.6 	0.5 	0.9 	0.8
fea 	1.2 	0.4 	1.7 	6.3 	1.2 	0.5 	1.1 	1.0
hap 	1.4 	1.3 	0.8 	1.0 	5.8 	0.5 	0.9 	1.6
neu 	0.0 	2.0 	0.6 	0.3 	0.3 	2.1 	0.9 	0.5
sad 	0.7 	2.5 	0.6 	2.0 	1.0 	1.2 	4.6 	0.6
sur 	1.2 	0.3 	0.7 	1.4 	2.5 	0.9 	0.8 	5.5
========================================================================================================================================================================================================================================================================================

		angry female		calm female		disgust female		fearful female		happy female		neutral female		sad female		surprised female	OVERALL
	C 	PRE	REC	F1 	PRE	REC	F1 	PRE	REC	F1 	PRE	REC	F1 	PRE	REC	F1 	PRE	REC	F1 	PRE	REC	F1 	PRE	REC	F1 	ACC	F1
	0.001 	12.5	0.0	0.0 	44.1	81.1	57.1 	37.8	58.1	45.8 	54.9	57.3	56.1 	40.1	34.4	37.0 	12.5	0.0	0.0 	34.7	13.7	19.6 	54.0	50.0	51.9 	44.6	33.4
	0.010 	12.5	0.0	0.0 	53.3	70.3	60.6 	54.7	66.9	60.2 	58.6	74.6	65.6 	57.0	49.0	52.7 	56.2	30.6	39.6 	38.8	31.9	35.0 	72.0	59.8	65.3 	55.7	47.4
	0.500 	27.7	38.0	32.1 	68.2	78.1	72.8 	55.3	63.0	58.9 	62.8	71.0	66.7 	62.9	58.4	60.6 	64.5	66.2	65.4 	49.0	39.3	43.6 	77.2	62.1	68.8 	61.9	58.6 	 best F1 	 best Acc
	1.000 	33.3	42.0	37.2 	68.2	76.9	72.3 	57.3	64.9	60.9 	60.4	67.8	63.9 	61.0	57.8	59.4 	60.5	62.2	61.3 	48.9	38.6	43.1 	73.1	61.4	66.7 	61.0	58.1
	5.000 	31.3	41.0	35.5 	69.8	76.9	73.2 	55.4	64.0	59.4 	61.0	66.2	63.5 	57.0	57.9	57.4 	62.8	67.8	65.2 	47.0	34.5	39.8 	73.6	61.6	67.1 	60.5	57.6
	10.000 	27.5	33.0	30.0 	68.3	75.4	71.7 	55.3	61.2	58.1 	61.1	67.6	64.2 	56.1	55.0	55.5 	65.1	67.4	66.2 	46.7	38.0	41.9 	73.6	62.6	67.6 	60.1	56.9
Confusion Matrix:
	ang 	cal 	dis 	fea 	hap 	neu 	sad 	sur
ang 	0.6 	0.0 	0.5 	0.0 	0.1 	0.1 	0.1 	0.2
cal 	0.0 	11.8 	0.9 	0.1 	0.1 	0.5 	1.7 	0.0
dis 	0.9 	1.2 	9.5 	0.6 	0.9 	0.5 	0.7 	0.9
fea 	0.0 	0.1 	1.3 	10.8 	1.3 	0.0 	1.3 	0.4
hap 	0.3 	0.4 	1.4 	1.9 	8.8 	0.3 	1.1 	0.9
neu 	0.0 	1.4 	0.3 	0.0 	0.2 	5.0 	0.5 	0.2
sad 	0.1 	2.3 	1.8 	2.6 	0.8 	1.2 	6.0 	0.3
sur 	0.2 	0.0 	1.5 	1.1 	1.8 	0.3 	0.9 	9.4
Selected params: 0.50000

========================================================================================================================================================================================================================================================================================

		angry			calm			disgust			fearful			happy			neutral			sad			surprised		OVERALL
	C 	PRE	REC	F1 	PRE	REC	F1 	PRE	REC	F1 	PRE	REC	F1 	PRE	REC	F1 	PRE	REC	F1 	PRE	REC	F1 	PRE	REC	F1 	ACC	F1
	0.001 	12.5	0.0	0.0 	40.4	68.0	50.7 	36.9	47.2	41.4 	48.7	52.2	50.4 	33.3	34.3	33.8 	12.5	0.0	0.0 	29.5	23.8	26.4 	39.5	48.8	43.7 	38.6	30.8
	0.010 	58.9	40.4	47.9 	49.2	68.1	57.2 	46.6	51.5	48.9 	49.3	57.5	53.1 	43.5	42.1	42.8 	35.4	19.4	25.1 	41.0	37.9	39.4 	54.4	47.5	50.7 	47.6	45.6
	0.500 	44.7	51.6	47.9 	57.4	65.6	61.2 	50.9	53.4	52.1 	48.9	51.4	50.1 	45.6	43.5	44.5 	45.4	44.2	44.8 	42.2	36.5	39.2 	57.1	49.3	52.9 	49.6	49.1 	 best F1 	 best Acc
	1.000 	47.0	52.0	49.4 	55.3	63.1	58.9 	49.4	54.5	51.9 	49.2	51.7	50.4 	44.4	43.2	43.8 	42.8	40.4	41.6 	41.1	36.7	38.8 	58.1	46.8	51.9 	48.9	48.3
	5.000 	39.3	48.9	43.6 	57.3	68.3	62.3 	46.6	52.9	49.6 	48.6	51.7	50.1 	42.7	40.2	41.4 	39.7	37.6	38.6 	41.9	34.6	37.9 	58.3	42.3	49.0 	47.6	46.6
	10.000 	39.3	51.8	44.7 	54.9	65.1	59.6 	47.2	48.2	47.7 	49.8	53.2	51.4 	45.7	44.6	45.2 	39.1	36.0	37.5 	40.8	34.1	37.1 	59.2	45.6	51.5 	47.8	46.8
Confusion Matrix:
	ang 	calm 	dis 	fea 	hap 	neu 	sad 	sur
ang 	4.2 	0.0 	1.2 	0.9 	0.6 	0.2 	0.2 	0.9
calm 	0.1 	9.2 	1.0 	0.3 	0.2 	1.2 	2.0 	0.2
dis 	1.9 	1.0 	7.5 	0.7 	1.2 	0.3 	0.8 	0.6
fea 	0.9 	0.4 	0.9 	7.2 	1.6 	0.5 	1.8 	0.7
hap 	1.2 	0.9 	1.2 	2.1 	6.1 	0.3 	0.8 	1.4
neu 	0.0 	1.6 	0.5 	0.2 	0.5 	3.3 	0.7 	0.7
sad 	0.2 	2.7 	1.1 	2.7 	1.0 	0.6 	5.1 	0.7
sur 	0.9 	0.2 	1.4 	0.7 	2.2 	0.8 	0.9 	6.9
Selected params: 0.50000

========================================================================================================================================================================================================================================================================================

		angry male		happy male		neutral male		sad male		OVERALL
	C 	PRE	REC	F1 	PRE	REC	F1 	PRE	REC	F1 	PRE	REC	F1 	ACC	F1
	0.001 	81.6	68.2	74.3 	67.0	46.6	55.0 	25.0	0.0	0.0 	45.3	89.1	60.0 	58.3	47.3
	0.010 	88.1	77.3	82.4 	66.6	64.1	65.3 	52.1	33.0	40.4 	57.4	77.1	65.8 	67.1	63.5 	 best F1 	 best Acc
	0.500 	74.0	80.7	77.2 	65.3	64.0	64.6 	54.3	55.6	54.9 	59.3	54.4	56.8 	64.8	63.4
	1.000 	74.1	80.0	77.0 	62.7	62.3	62.5 	53.1	53.8	53.4 	60.1	55.3	57.6 	64.1	62.6
	5.000 	73.5	79.2	76.3 	61.6	65.0	63.2 	54.9	54.4	54.7 	59.2	51.6	55.1 	63.7	62.3
	10.000 	71.8	80.3	75.8 	60.8	63.7	62.2 	55.2	52.8	54.0 	61.4	52.5	56.6 	63.7	62.1
Confusion Matrix:
	ang 	hap 	neu 	sad
ang 	22.1 	3.1 	0.3 	3.0
hap 	2.5 	18.3 	1.8 	5.9
neu 	0.0 	2.2 	4.7 	7.4
sad 	0.5 	3.9 	2.2 	22.0
Selected params: 0.01000

========================================================================================================================================================================================================================================================================================

		angry male		fearful male		happy male		sad male		OVERALL
	C 	PRE	REC	F1 	PRE	REC	F1 	PRE	REC	F1 	PRE	REC	F1 	ACC	F1
	0.001 	63.6	67.3	65.4 	37.8	23.5	29.0 	56.6	37.7	45.3 	42.9	70.9	53.4 	49.8	48.3
	0.010 	75.7	72.9	74.3 	56.8	49.0	52.6 	59.6	56.8	58.2 	57.0	69.6	62.7 	62.1	61.9 	 best F1 	 best Acc
	0.500 	65.2	73.7	69.2 	56.4	55.0	55.7 	60.8	56.8	58.7 	60.7	58.3	59.5 	60.9	60.8
	1.000 	64.8	71.1	67.8 	55.4	56.3	55.8 	57.8	55.1	56.4 	59.1	55.1	57.0 	59.4	59.3
	5.000 	62.2	73.6	67.4 	53.8	55.9	54.8 	57.8	52.0	54.8 	57.1	50.2	53.4 	57.9	57.6
	10.000 	62.5	72.1	66.9 	51.6	53.2	52.4 	57.5	51.1	54.1 	55.2	51.1	53.1 	56.9	56.6
Confusion Matrix:
	ang 	fea 	hap 	sad
ang 	18.2 	2.2 	2.8 	1.8
fea 	2.9 	12.2 	3.8 	6.0
hap 	2.4 	3.1 	14.2 	5.4
sad 	0.6 	4.0 	3.0 	17.4
Selected params: 0.01000

========================================================================================================================================================================================================================================================================================

		angry			disgust			fearful			happy			neutral			sad		OVERALL
	C 	PRE	REC	F1 	PRE	REC	F1 	PRE	REC	F1 	PRE	REC	F1 	PRE	REC	F1 	PRE	REC	F1 	ACC	F1
	0.001 	61.5	39.5	48.1 	27.9	34.3	30.7 	37.6	31.6	34.3 	34.1	30.7	32.4 	62.2	7.7	13.8 	33.3	67.9	44.7 	36.5	34.0
	0.010 	61.3	55.9	58.5 	39.8	44.8	42.2 	50.1	40.4	44.7 	47.1	45.1	46.1 	52.3	41.1	46.0 	39.2	53.5	45.2 	47.0	47.1
	0.500 	59.8	64.2	61.9 	44.7	48.7	46.6 	49.8	45.3	47.4 	49.4	45.7	47.5 	52.0	50.7	51.3 	48.7	50.2	49.4 	50.7	50.7
	1.000 	59.0	64.9	61.8 	44.0	49.9	46.7 	50.7	46.9	48.7 	50.1	44.5	47.1 	52.3	49.0	50.6 	51.8	52.5	52.2 	51.3	51.2 	 best F1 	 best Acc
	5.000 	58.3	63.9	61.0 	42.7	48.9	45.6 	47.0	44.7	45.8 	49.6	44.7	47.0 	50.5	44.5	47.3 	47.9	48.1	48.0 	49.2	49.1
	10.000 	56.3	60.3	58.2 	42.2	48.9	45.3 	46.3	44.8	45.6 	48.3	44.8	46.5 	50.0	44.7	47.2 	48.6	46.8	47.7 	48.4	48.4
Confusion Matrix:
	ang 	dis 	fea 	hap 	neu 	sad
ang 	10.9 	2.3 	1.2 	1.9 	0.1 	0.4
dis 	2.0 	8.4 	1.3 	1.5 	1.9 	1.8
fea 	1.5 	2.1 	8.4 	3.0 	0.7 	2.2
hap 	3.4 	2.2 	2.8 	8.0 	0.4 	1.1
neu 	0.1 	2.2 	0.7 	0.6 	6.3 	2.9
sad 	0.5 	1.8 	2.2 	1.0 	2.7 	9.1
Selected params: 1.00000

========================================================================================================================================================================================================================================================================================
RF

		angry male			calm male	disgust male		fearful male		happy male		neutral male		sad male		surprised male		OVERALL
	C 	PRE	REC	F1 	PRE	REC	F1 	PRE	REC	F1 	PRE	REC	F1 	PRE	REC	F1 	PRE	REC	F1 	PRE	REC	F1 	PRE	REC	F1 	ACC	F1
	10.000 	48.2	64.7	55.3 	41.3	59.9	48.9 	37.0	43.2	39.9 	35.1	28.9	31.7 	39.5	34.3	36.7 	29.6	19.4	23.4 	36.2	28.2	31.7 	37.6	27.9	32.0 	39.6	37.5
	25.000 	58.0	67.4	62.3 	47.3	71.4	56.9 	45.5	52.6	48.8 	42.9	34.2	38.1 	42.8	39.7	41.2 	34.3	22.2	26.9 	42.6	36.1	39.1 	45.1	35.1	39.5 	46.3	44.1
	50.000 	63.8	69.4	66.5 	47.5	76.5	58.6 	51.6	61.7	56.2 	48.2	36.0	41.2 	52.3	44.1	47.8 	37.2	22.0	27.6 	43.0	38.2	40.4 	54.0	44.9	49.0 	50.9	48.4
	100.000 	67.4	69.8	68.6 	51.6	81.3	63.1 	54.9	58.7	56.7 	53.4	38.8	44.9 	54.7	45.7	49.8 	49.8	29.2	36.8 	47.8	46.1	46.9 	52.7	52.8	52.8 	54.4	52.5
	200.000 	70.1	70.5	70.3 	53.4	81.1	64.4 	53.8	63.8	58.4 	57.0	40.6	47.4 	53.8	46.7	50.0 	50.8	26.8	35.1 	51.5	47.8	49.6 	53.6	54.5	54.0 	55.8	53.6
	500.000 	72.6	71.9	72.2 	51.0	82.0	62.9 	57.4	65.6	61.2 	56.3	36.4	44.2 	56.7	50.5	53.4 	57.1	26.4	36.1 	47.9	45.9	46.9 	54.5	56.3	55.4 	56.2	54.0 	 best F1 	 best Acc
Confusion Matrix:
	ang 	cal 	dis 	fea 	hap 	neu 	sad 	sur
ang 	9.6 	0.2 	1.3 	0.2 	0.5 	0.0 	0.4 	1.1
cal 	0.0 	10.9 	0.6 	0.3 	0.1 	0.5 	0.7 	0.2
dis 	0.6 	0.9 	8.7 	0.3 	0.7 	0.2 	0.9 	0.9
fea 	1.6 	1.4 	1.3 	4.9 	1.5 	0.1 	1.4 	1.1
hap 	0.4 	2.0 	0.7 	0.5 	6.7 	0.2 	1.0 	1.8
neu 	0.0 	2.6 	0.6 	0.1 	0.2 	1.8 	0.9 	0.4
sad 	0.0 	2.8 	1.2 	1.6 	0.7 	0.1 	6.1 	0.7
sur 	1.0 	0.6 	0.8 	0.6 	1.3 	0.2 	1.3 	7.5
Selected params: 500.00000